Wyszukiwanie_Liniowe_Pesymistyczne_PomiarCzasu
Matrix_Size	Search_Time	Loops_Number
2000000		22		1
6000000		68		2
10000000		117		3
14000000		172		4
18000000		216		5
22000000		264		6
26000000		307		7
30000000		350		8
34000000		398		9
38000000		444		10
42000000		510		11
46000000		536		12
50000000		584		13
54000000		631		14
58000000		679		15
62000000		726		16
66000000		773		17
70000000		821		18
74000000		865		19
78000000		911		20
82000000		960		21
86000000		1025		22
90000000		1190		23
94000000		1269		24
98000000		1162		25
102000000		1230		26
106000000		1248		27
110000000		1302		28
114000000		1336		29
118000000		1387		30
122000000		1433		31
126000000		1517		32
130000000		1715		33
134000000		1695		34
138000000		1706		35
142000000		1784		36
146000000		1883		37
150000000		1886		38
154000000		1918		39
158000000		1941		40
162000000		2040		41
166000000		2063		42
170000000		2146		43
174000000		2178		44
178000000		2241		45
182000000		2232		46
186000000		2274		47
190000000		2460		48
194000000		2426		49
198000000		2471		50
202000000		2532		51
206000000		2516		52
210000000		2606		53
214000000		2674		54
218000000		2618		55
222000000		2597		56
226000000		2640		57
230000000		2696		58
234000000		2754		59
238000000		2785		60
242000000		2830		61
246000000		2884		62
250000000		2929		63
254000000		2972		64
258000000		3034		65
262000000		3068		66
266000000		3115		67
270000000		3169		68
274000000		3204		69
278000000		3253		70
Wyszukiwanie_Liniowe_—rednie_PomiarCzasu
Matrix_Size	Search_Time	Loops_Number
2000000		12		1
6000000		33		2
10000000		57		3
14000000		81		4
18000000		104		5
22000000		127		6
26000000		151		7
30000000		174		8
34000000		197		9
38000000		222		10
42000000		245		11
46000000		268		12
50000000		292		13
54000000		315		14
58000000		338		15
62000000		362		16
66000000		385		17
70000000		408		18
74000000		432		19
78000000		455		20
82000000		479		21
86000000		502		22
90000000		530		23
94000000		548		24
98000000		572		25
102000000		596		26
106000000		620		27
110000000		642		28
114000000		667		29
118000000		690		30
122000000		716		31
126000000		739		32
130000000		761		33
134000000		784		34
138000000		807		35
142000000		831		36
146000000		859		37
150000000		876		38
154000000		902		39
158000000		922		40
162000000		948		41
166000000		972		42
170000000		995		43
174000000		1016		44
178000000		1039		45
182000000		1064		46
186000000		1094		47
190000000		1110		48
194000000		1135		49
198000000		1157		50
202000000		1185		51
206000000		1205		52
210000000		1227		53
214000000		1252		54
218000000		1275		55
222000000		1297		56
226000000		1321		57
230000000		1345		58
234000000		1388		59
238000000		1403		60
242000000		1424		61
246000000		1449		62
250000000		1462		63
254000000		1487		64
258000000		1510		65
262000000		1534		66
266000000		1559		67
270000000		1579		68
274000000		1602		69
278000000		1624		70
Wyszukiwanie_Liniowe_Pesymistyczne_Instrumentacja
Matrix_Size	Critical_Points	Loops_Number
2000000		2000000		1
6000000		6000000		2
10000000		10000000		3
14000000		14000000		4
18000000		18000000		5
22000000		22000000		6
26000000		26000000		7
30000000		30000000		8
34000000		34000000		9
38000000		38000000		10
42000000		42000000		11
46000000		46000000		12
50000000		50000000		13
54000000		54000000		14
58000000		58000000		15
62000000		62000000		16
66000000		66000000		17
70000000		70000000		18
74000000		74000000		19
78000000		78000000		20
82000000		82000000		21
86000000		86000000		22
90000000		90000000		23
94000000		94000000		24
98000000		98000000		25
102000000		102000000		26
106000000		106000000		27
110000000		110000000		28
114000000		114000000		29
118000000		118000000		30
122000000		122000000		31
126000000		126000000		32
130000000		130000000		33
134000000		134000000		34
138000000		138000000		35
142000000		142000000		36
146000000		146000000		37
150000000		150000000		38
154000000		154000000		39
158000000		158000000		40
162000000		162000000		41
166000000		166000000		42
170000000		170000000		43
174000000		174000000		44
178000000		178000000		45
182000000		182000000		46
186000000		186000000		47
190000000		190000000		48
194000000		194000000		49
198000000		198000000		50
202000000		202000000		51
206000000		206000000		52
210000000		210000000		53
214000000		214000000		54
218000000		218000000		55
222000000		222000000		56
226000000		226000000		57
230000000		230000000		58
234000000		234000000		59
238000000		238000000		60
242000000		242000000		61
246000000		246000000		62
250000000		250000000		63
254000000		254000000		64
258000000		258000000		65
262000000		262000000		66
266000000		266000000		67
270000000		270000000		68
274000000		274000000		69
278000000		278000000		70
Wyszukiwanie_Liniowe_—rednie_Instrumentacja
Matrix_Size	Critical_Points	Loops_Number
2000000		1000000		1
6000000		3000000		2
10000000		5000000		3
14000000		7000000		4
18000000		9000000		5
22000000		11000000		6
26000000		13000000		7
30000000		15000000		8
34000000		17000000		9
38000000		19000000		10
42000000		21000000		11
46000000		23000000		12
50000000		25000000		13
54000000		27000000		14
58000000		29000000		15
62000000		31000000		16
66000000		33000000		17
70000000		35000000		18
74000000		37000000		19
78000000		39000000		20
82000000		41000000		21
86000000		43000000		22
90000000		45000000		23
94000000		47000000		24
98000000		49000000		25
102000000		51000000		26
106000000		53000000		27
110000000		55000000		28
114000000		57000000		29
118000000		59000000		30
122000000		61000000		31
126000000		63000000		32
130000000		65000000		33
134000000		67000000		34
138000000		69000000		35
142000000		71000000		36
146000000		73000000		37
150000000		75000000		38
154000000		77000000		39
158000000		79000000		40
162000000		81000000		41
166000000		83000000		42
170000000		85000000		43
174000000		87000000		44
178000000		89000000		45
182000000		91000000		46
186000000		93000000		47
190000000		95000000		48
194000000		97000000		49
198000000		99000000		50
202000000		101000000		51
206000000		103000000		52
210000000		105000000		53
214000000		107000000		54
218000000		109000000		55
222000000		111000000		56
226000000		113000000		57
230000000		115000000		58
234000000		117000000		59
238000000		119000000		60
242000000		121000000		61
246000000		123000000		62
250000000		125000000		63
254000000		127000000		64
258000000		129000000		65
262000000		131000000		66
266000000		133000000		67
270000000		135000000		68
274000000		137000000		69
278000000		139000000		70
Wyszukiwanie_Binarne_Pesymistyczne_PomiarCzasu
Matrix_Size	Search_Time	Loops_Number
2000000		562		1
6000000		27		2
10000000		27		3
14000000		30		4
18000000		32		5
22000000		434		6
26000000		7		7
30000000		9		8
34000000		7		9
38000000		8		10
42000000		7		11
46000000		8		12
50000000		8		13
54000000		8		14
58000000		6		15
62000000		8		16
66000000		9		17
70000000		8		18
74000000		8		19
78000000		6		20
82000000		7		21
86000000		7		22
90000000		7		23
94000000		8		24
98000000		8		25
102000000		9		26
106000000		7		27
110000000		6		28
114000000		8		29
118000000		8		30
122000000		8		31
126000000		9		32
130000000		14		33
134000000		9		34
138000000		9		35
142000000		8		36
146000000		8		37
150000000		13		38
154000000		13		39
158000000		8		40
162000000		9		41
166000000		8		42
170000000		9		43
174000000		8		44
178000000		8		45
182000000		13		46
186000000		8		47
190000000		9		48
194000000		13		49
198000000		9		50
202000000		8		51
206000000		8		52
210000000		15		53
214000000		11		54
218000000		8		55
222000000		17		56
226000000		8		57
230000000		8		58
234000000		13		59
238000000		8		60
242000000		11		61
246000000		14		62
250000000		6		63
254000000		10		64
258000000		12		65
262000000		11		66
266000000		10		67
270000000		10		68
274000000		9		69
278000000		9		70
Wyszukiwanie_Binarne_—rednie_PomiarCzasu
Matrix_Size	Search_Time	Loops_Number
2000000		2		1
6000000		2		2
10000000		1		3
14000000		2		4
18000000		2		5
22000000		1		6
26000000		2		7
30000000		2		8
34000000		2		9
38000000		3		10
42000000		2		11
46000000		2		12
50000000		1		13
54000000		1		14
58000000		2		15
62000000		2		16
66000000		2		17
70000000		3		18
74000000		2		19
78000000		1		20
82000000		2		21
86000000		2		22
90000000		2		23
94000000		3		24
98000000		1		25
102000000		3		26
106000000		2		27
110000000		3		28
114000000		3		29
118000000		2		30
122000000		2		31
126000000		2		32
130000000		3		33
134000000		2		34
138000000		3		35
142000000		3		36
146000000		3		37
150000000		2		38
154000000		2		39
158000000		3		40
162000000		3		41
166000000		2		42
170000000		2		43
174000000		2		44
178000000		3		45
182000000		3		46
186000000		2		47
190000000		2		48
194000000		2		49
198000000		2		50
202000000		2		51
206000000		3		52
210000000		3		53
214000000		2		54
218000000		3		55
222000000		3		56
226000000		2		57
230000000		2		58
234000000		2		59
238000000		2		60
242000000		2		61
246000000		3		62
250000000		3		63
254000000		3		64
258000000		3		65
262000000		3		66
266000000		2		67
270000000		3		68
274000000		3		69
278000000		3		70
Wyszukiwanie_Binarne_Pesymistyczne_Instrumentacja
Matrix_Size	Critical_Points	Loops_Number
2000000		42		1
6000000		46		2
10000000		48		3
14000000		48		4
18000000		50		5
22000000		50		6
26000000		50		7
30000000		50		8
34000000		52		9
38000000		52		10
42000000		52		11
46000000		52		12
50000000		52		13
54000000		52		14
58000000		52		15
62000000		52		16
66000000		52		17
70000000		54		18
74000000		54		19
78000000		54		20
82000000		54		21
86000000		54		22
90000000		54		23
94000000		54		24
98000000		54		25
102000000		54		26
106000000		54		27
110000000		54		28
114000000		54		29
118000000		54		30
122000000		54		31
126000000		54		32
130000000		54		33
134000000		54		34
138000000		56		35
142000000		56		36
146000000		56		37
150000000		56		38
154000000		56		39
158000000		56		40
162000000		56		41
166000000		56		42
170000000		56		43
174000000		56		44
178000000		56		45
182000000		56		46
186000000		56		47
190000000		56		48
194000000		56		49
198000000		56		50
202000000		56		51
206000000		56		52
210000000		56		53
214000000		56		54
218000000		56		55
222000000		56		56
226000000		56		57
230000000		56		58
234000000		56		59
238000000		56		60
242000000		56		61
246000000		56		62
250000000		56		63
254000000		56		64
258000000		56		65
262000000		56		66
266000000		56		67
270000000		58		68
274000000		58		69
278000000		58		70
Wyszukiwanie_Binarne_—rednie_Instrumentacja
Matrix_Size	Critical_Points	Loops_Number
2000000		21		1
6000000		23		2
10000000		24		3
14000000		24		4
18000000		25		5
22000000		25		6
26000000		25		7
30000000		25		8
34000000		26		9
38000000		26		10
42000000		26		11
46000000		26		12
50000000		26		13
54000000		26		14
58000000		26		15
62000000		26		16
66000000		26		17
70000000		27		18
74000000		27		19
78000000		27		20
82000000		27		21
86000000		27		22
90000000		27		23
94000000		27		24
98000000		27		25
102000000		27		26
106000000		27		27
110000000		27		28
114000000		27		29
118000000		27		30
122000000		27		31
126000000		27		32
130000000		27		33
134000000		27		34
138000000		28		35
142000000		28		36
146000000		28		37
150000000		28		38
154000000		28		39
158000000		28		40
162000000		28		41
166000000		28		42
170000000		28		43
174000000		28		44
178000000		28		45
182000000		28		46
186000000		28		47
190000000		28		48
194000000		28		49
198000000		28		50
202000000		28		51
206000000		28		52
210000000		28		53
214000000		28		54
218000000		28		55
222000000		28		56
226000000		28		57
230000000		28		58
234000000		28		59
238000000		28		60
242000000		28		61
246000000		28		62
250000000		28		63
254000000		28		64
258000000		28		65
262000000		28		66
266000000		28		67
270000000		29		68
274000000		29		69
278000000		29		70
