Wyszukiwanie_Liniowe_Pesymistyczne_PomiarCzasu
Matrix_Size	Search_Time	Loops_Number
2000000		5		1
6000000		17		2
10000000		29		3
14000000		41		4
18000000		53		5
22000000		64		6
26000000		77		7
30000000		87		8
34000000		99		9
38000000		111		10
42000000		123		11
46000000		135		12
50000000		147		13
54000000		158		14
58000000		170		15
62000000		181		16
66000000		193		17
70000000		205		18
74000000		217		19
78000000		228		20
82000000		240		21
86000000		252		22
90000000		264		23
94000000		275		24
98000000		287		25
102000000		299		26
106000000		311		27
110000000		322		28
114000000		335		29
118000000		347		30
122000000		358		31
126000000		370		32
130000000		381		33
134000000		394		34
138000000		405		35
142000000		418		36
146000000		429		37
150000000		440		38
154000000		451		39
158000000		465		40
162000000		475		41
166000000		487		42
170000000		498		43
174000000		511		44
178000000		523		45
182000000		533		46
186000000		547		47
190000000		559		48
194000000		569		49
198000000		581		50
202000000		594		51
206000000		604		52
210000000		617		53
214000000		629		54
218000000		640		55
222000000		651		56
226000000		662		57
230000000		676		58
234000000		688		59
238000000		698		60
242000000		711		61
246000000		723		62
250000000		734		63
254000000		745		64
258000000		760		65
262000000		770		66
266000000		781		67
270000000		794		68
274000000		805		69
278000000		816		70
Wyszukiwanie_Liniowe_—rednie_PomiarCzasu
Matrix_Size	Search_Time	Loops_Number
2000000		12		1
6000000		33		2
10000000		57		3
14000000		81		4
18000000		105		5
22000000		128		6
26000000		152		7
30000000		176		8
34000000		203		9
38000000		222		10
42000000		245		11
46000000		268		12
50000000		293		13
54000000		319		14
58000000		342		15
62000000		363		16
66000000		387		17
70000000		411		18
74000000		434		19
78000000		458		20
82000000		491		21
86000000		512		22
90000000		529		23
94000000		556		24
98000000		579		25
102000000		604		26
106000000		627		27
110000000		651		28
114000000		675		29
118000000		697		30
122000000		719		31
126000000		740		32
130000000		762		33
134000000		786		34
138000000		809		35
142000000		834		36
146000000		857		37
150000000		881		38
154000000		903		39
158000000		929		40
162000000		952		41
166000000		983		42
170000000		999		43
174000000		1021		44
178000000		1044		45
182000000		1069		46
186000000		1103		47
190000000		1116		48
194000000		1145		49
198000000		1164		50
202000000		1188		51
206000000		1208		52
210000000		1233		53
214000000		1256		54
218000000		1281		55
222000000		1304		56
226000000		1328		57
230000000		1349		58
234000000		1374		59
238000000		1395		60
242000000		1420		61
246000000		1446		62
250000000		1469		63
254000000		1494		64
258000000		1518		65
262000000		1542		66
266000000		1562		67
270000000		1588		68
274000000		1608		69
278000000		1634		70
Wyszukiwanie_Liniowe_Pesymistyczne_Instrumentacja
Matrix_Size	Critical_Points	Loops_Number
2000000		2000000		1
6000000		6000000		2
10000000		10000000		3
14000000		14000000		4
18000000		18000000		5
22000000		22000000		6
26000000		26000000		7
30000000		30000000		8
34000000		34000000		9
38000000		38000000		10
42000000		42000000		11
46000000		46000000		12
50000000		50000000		13
54000000		54000000		14
58000000		58000000		15
62000000		62000000		16
66000000		66000000		17
70000000		70000000		18
74000000		74000000		19
78000000		78000000		20
82000000		82000000		21
86000000		86000000		22
90000000		90000000		23
94000000		94000000		24
98000000		98000000		25
102000000		102000000		26
106000000		106000000		27
110000000		110000000		28
114000000		114000000		29
118000000		118000000		30
122000000		122000000		31
126000000		126000000		32
130000000		130000000		33
134000000		134000000		34
138000000		138000000		35
142000000		142000000		36
146000000		146000000		37
150000000		150000000		38
154000000		154000000		39
158000000		158000000		40
162000000		162000000		41
166000000		166000000		42
170000000		170000000		43
174000000		174000000		44
178000000		178000000		45
182000000		182000000		46
186000000		186000000		47
190000000		190000000		48
194000000		194000000		49
198000000		198000000		50
202000000		202000000		51
206000000		206000000		52
210000000		210000000		53
214000000		214000000		54
218000000		218000000		55
222000000		222000000		56
226000000		226000000		57
230000000		230000000		58
234000000		234000000		59
238000000		238000000		60
242000000		242000000		61
246000000		246000000		62
250000000		250000000		63
254000000		254000000		64
258000000		258000000		65
262000000		262000000		66
266000000		266000000		67
270000000		270000000		68
274000000		274000000		69
278000000		278000000		70
Wyszukiwanie_Liniowe_—rednie_Instrumentacja
Matrix_Size	Critical_Points	Loops_Number
2000000		1000000		1
6000000		3000000		2
10000000		5000000		3
14000000		7000000		4
18000000		9000000		5
22000000		11000000		6
26000000		13000000		7
30000000		15000000		8
34000000		17000000		9
38000000		19000000		10
42000000		21000000		11
46000000		23000000		12
50000000		25000000		13
54000000		27000000		14
58000000		29000000		15
62000000		31000000		16
66000000		33000000		17
70000000		35000000		18
74000000		37000000		19
78000000		39000000		20
82000000		41000000		21
86000000		43000000		22
90000000		45000000		23
94000000		47000000		24
98000000		49000000		25
102000000		51000000		26
106000000		53000000		27
110000000		55000000		28
114000000		57000000		29
118000000		59000000		30
122000000		61000000		31
126000000		63000000		32
130000000		65000000		33
134000000		67000000		34
138000000		69000000		35
142000000		71000000		36
146000000		73000000		37
150000000		75000000		38
154000000		77000000		39
158000000		79000000		40
162000000		81000000		41
166000000		83000000		42
170000000		85000000		43
174000000		87000000		44
178000000		89000000		45
182000000		91000000		46
186000000		93000000		47
190000000		95000000		48
194000000		97000000		49
198000000		99000000		50
202000000		101000000		51
206000000		103000000		52
210000000		105000000		53
214000000		107000000		54
218000000		109000000		55
222000000		111000000		56
226000000		113000000		57
230000000		115000000		58
234000000		117000000		59
238000000		119000000		60
242000000		121000000		61
246000000		123000000		62
250000000		125000000		63
254000000		127000000		64
258000000		129000000		65
262000000		131000000		66
266000000		133000000		67
270000000		135000000		68
274000000		137000000		69
278000000		139000000		70
Wyszukiwanie_Binarne_Pesymistyczne_PomiarCzasu
Matrix_Size	Search_Time	Loops_Number
2000000		0		1
6000000		0		2
10000000		0		3
14000000		0		4
18000000		0		5
22000000		0		6
26000000		0		7
30000000		0		8
34000000		0		9
38000000		0		10
42000000		0		11
46000000		0		12
50000000		0		13
54000000		0		14
58000000		0		15
62000000		0		16
66000000		0		17
70000000		0		18
74000000		0		19
78000000		0		20
82000000		0		21
86000000		0		22
90000000		0		23
94000000		0		24
98000000		0		25
102000000		0		26
106000000		0		27
110000000		0		28
114000000		0		29
118000000		0		30
122000000		0		31
126000000		0		32
130000000		0		33
134000000		0		34
138000000		0		35
142000000		0		36
146000000		0		37
150000000		0		38
154000000		0		39
158000000		0		40
162000000		0		41
166000000		0		42
170000000		0		43
174000000		0		44
178000000		0		45
182000000		0		46
186000000		0		47
190000000		0		48
194000000		0		49
198000000		0		50
202000000		0		51
206000000		0		52
210000000		0		53
214000000		0		54
218000000		0		55
222000000		0		56
226000000		0		57
230000000		0		58
234000000		0		59
238000000		0		60
242000000		0		61
246000000		0		62
250000000		0		63
254000000		0		64
258000000		0		65
262000000		0		66
266000000		0		67
270000000		0		68
274000000		0		69
278000000		0		70
Wyszukiwanie_Binarne_—rednie_PomiarCzasu
Matrix_Size	Search_Time	Loops_Number
2000000		0		1
6000000		0		2
10000000		0		3
14000000		0		4
18000000		0		5
22000000		0		6
26000000		0		7
30000000		0		8
34000000		0		9
38000000		0		10
42000000		0		11
46000000		0		12
50000000		0		13
54000000		0		14
58000000		0		15
62000000		0		16
66000000		0		17
70000000		0		18
74000000		0		19
78000000		0		20
82000000		0		21
86000000		0		22
90000000		0		23
94000000		0		24
98000000		0		25
102000000		0		26
106000000		0		27
110000000		0		28
114000000		0		29
118000000		0		30
122000000		0		31
126000000		0		32
130000000		0		33
134000000		0		34
138000000		0		35
142000000		0		36
146000000		0		37
150000000		0		38
154000000		0		39
158000000		0		40
162000000		0		41
166000000		0		42
170000000		0		43
174000000		0		44
178000000		0		45
182000000		0		46
186000000		0		47
190000000		0		48
194000000		0		49
198000000		0		50
202000000		0		51
206000000		0		52
210000000		0		53
214000000		0		54
218000000		0		55
222000000		0		56
226000000		0		57
230000000		0		58
234000000		0		59
238000000		0		60
242000000		0		61
246000000		0		62
250000000		0		63
254000000		0		64
258000000		0		65
262000000		0		66
266000000		0		67
270000000		0		68
274000000		0		69
278000000		0		70
Wyszukiwanie_Binarne_Pesymistyczne_Instrumentacja
Matrix_Size	Critical_Points	Loops_Number
2000000		42		1
6000000		46		2
10000000		48		3
14000000		48		4
18000000		50		5
22000000		50		6
26000000		50		7
30000000		50		8
34000000		52		9
38000000		52		10
42000000		52		11
46000000		52		12
50000000		52		13
54000000		52		14
58000000		52		15
62000000		52		16
66000000		52		17
70000000		54		18
74000000		54		19
78000000		54		20
82000000		54		21
86000000		54		22
90000000		54		23
94000000		54		24
98000000		54		25
102000000		54		26
106000000		54		27
110000000		54		28
114000000		54		29
118000000		54		30
122000000		54		31
126000000		54		32
130000000		54		33
134000000		54		34
138000000		56		35
142000000		56		36
146000000		56		37
150000000		56		38
154000000		56		39
158000000		56		40
162000000		56		41
166000000		56		42
170000000		56		43
174000000		56		44
178000000		56		45
182000000		56		46
186000000		56		47
190000000		56		48
194000000		56		49
198000000		56		50
202000000		56		51
206000000		56		52
210000000		56		53
214000000		56		54
218000000		56		55
222000000		56		56
226000000		56		57
230000000		56		58
234000000		56		59
238000000		56		60
242000000		56		61
246000000		56		62
250000000		56		63
254000000		56		64
258000000		56		65
262000000		56		66
266000000		56		67
270000000		58		68
274000000		58		69
278000000		58		70
Wyszukiwanie_Binarne_—rednie_Instrumentacja
Matrix_Size	Critical_Points	Loops_Number
2000000		21		1
6000000		23		2
10000000		24		3
14000000		24		4
18000000		25		5
22000000		25		6
26000000		25		7
30000000		25		8
34000000		26		9
38000000		26		10
42000000		26		11
46000000		26		12
50000000		26		13
54000000		26		14
58000000		26		15
62000000		26		16
66000000		26		17
70000000		27		18
74000000		27		19
78000000		27		20
82000000		27		21
86000000		27		22
90000000		27		23
94000000		27		24
98000000		27		25
102000000		27		26
106000000		27		27
110000000		27		28
114000000		27		29
118000000		27		30
122000000		27		31
126000000		27		32
130000000		27		33
134000000		27		34
138000000		28		35
142000000		28		36
146000000		28		37
150000000		28		38
154000000		28		39
158000000		28		40
162000000		28		41
166000000		28		42
170000000		28		43
174000000		28		44
178000000		28		45
182000000		28		46
186000000		28		47
190000000		28		48
194000000		28		49
198000000		28		50
202000000		28		51
206000000		28		52
210000000		28		53
214000000		28		54
218000000		28		55
222000000		28		56
226000000		28		57
230000000		28		58
234000000		28		59
238000000		28		60
242000000		28		61
246000000		28		62
250000000		28		63
254000000		28		64
258000000		28		65
262000000		28		66
266000000		28		67
270000000		29		68
274000000		29		69
278000000		29		70
